9   21
#####################
CCCCCCCCCCCCCC##++++#
#+###########C##+####
#+###########C##+####
#+++++++##+##CCCCCCC#
#+#####+##+##+#####C#
#+#####+##+##+#####C#
#++++##+##+##+##+++T#
#####################

 Longueur du chemin :26

 (   19,    7) (   19,    6) (   19,    5) (   19,    4) (   18,    4)
 (   17,    4) (   16,    4) (   15,    4) (   14,    4) (   13,    4)
 (   13,    3) (   13,    2) (   13,    1) (   12,    1) (   11,    1)
 (   10,    1) (    9,    1) (    8,    1) (    7,    1) (    6,    1)
 (    5,    1) (    4,    1) (    3,    1) (    2,    1) (    1,    1)
 (    0,    1)
